 # Grain size distribution: volume (A^3) ; No. of grains
   6457.7652102600023                0
   6459.4210474934025                0
   6461.0768847268018                0
   6462.7327219602021                0
   6464.3885591936023                0
   6466.0443964270016                0
   6467.7002336604019                0
   6469.3560708938021                0
   6471.0119081272023                0
   6472.6677453606017                0
   6474.3235825940019                0
   6475.9794198274021                0
   6477.6352570608015                0
   6479.2910942942017                0
   6480.9469315276019                0
   6482.6027687610012                0
   6484.2586059944015                0
   6485.9144432278017                0
   6487.5702804612019                0
   6489.2261176946013                0
   6490.8819549280015                1
