 # Grain size distribution: volume (A^3) ; No. of grains
   768470.94319449994                0
   812029.54826537496                0
   855588.15333624987                0
   899146.75840712490                0
   942705.36347799993                0
   986263.96854887484                0
   1029822.5736197499                1
   1073381.1786906249                0
   1116939.7837614999                0
   1160498.3888323749                1
   1204056.9939032497                0
   1247615.5989741248                0
   1291174.2040449998                0
   1334732.8091158748                0
   1378291.4141867498                1
   1421850.0192576249                0
   1465408.6243284997                1
   1508967.2293993747                0
   1552525.8344702497                0
   1596084.4395411247                0
   1639643.0446119998                1
