 # Grain size distribution: volume (A^3) ; No. of grains
   768509.75008000014                0
   812059.68773440016                0
   855609.62538880017                0
   899159.56304320018                0
   942709.50069760019                0
   986259.43835200008                0
   1029809.3760064001                1
   1073359.3136608002                0
   1116909.2513152002                0
   1160459.1889696000                1
   1204009.1266240000                0
   1247559.0642784000                0
   1291109.0019328000                0
   1334658.9395872001                0
   1378208.8772416001                1
   1421758.8148960001                0
   1465308.7525504001                1
   1508858.6902048001                0
   1552408.6278592001                0
   1595958.5655136001                0
   1639508.5031680001                1
