# Random positions and rotations of grains generated by Atomsk
# This parameter file can be used to generate the same polycrystal
box       500.000000     1200.000000        2.842569
node       124.767295      601.074037        1.421285        0.000000       -0.000000     -178.393331
node       374.667565      600.064361        1.421285        0.000000       -0.000000      136.949465
node        84.071662      807.879153        1.421285        0.000000       -0.000000      -75.869415
node       250.770599      807.729102        1.421285        0.000000       -0.000000      -85.367502
node       416.106527      808.317499        1.421285        0.000000       -0.000000       80.496012
node        62.557737      954.050920        1.421285        0.000000       -0.000000      -54.069250
node       187.051356      953.950577        1.421285        0.000000       -0.000000     -169.487103
node       312.740116      954.535600        1.421285        0.000000       -0.000000      -65.689611
node       437.594558      953.797824        1.421285        0.000000       -0.000000       12.627848
node        49.558219     1066.503320        1.421285        0.000000       -0.000000      -14.796962
node       150.053742     1066.643203        1.421285        0.000000       -0.000000      130.386391
node       249.962807     1066.172332        1.421285        0.000000       -0.000000      166.688370
node       350.019807     1066.807946        1.421285        0.000000       -0.000000     -152.380674
node       450.188415     1066.331419        1.421285        0.000000       -0.000000     -157.693270
node        42.031873     1158.183959        1.421285        0.000000       -0.000000     -124.417492
node       124.963225     1158.677215        1.421285        0.000000       -0.000000       45.051230
node       207.967589     1158.441263        1.421285        0.000000       -0.000000      142.974537
node       291.279332     1158.011052        1.421285        0.000000       -0.000000      120.397452
node       375.185851     1158.213558        1.421285        0.000000       -0.000000       72.297591
node       458.584696     1158.454177        1.421285        0.000000       -0.000000       59.839580
node        84.108244      392.277493        1.421285        0.000000       -0.000000      152.641929
node       249.849383      392.259361        1.421285        0.000000       -0.000000       32.317624
node       416.008683      391.485374        1.421285        0.000000       -0.000000      -41.506619
node        62.891989      245.212383        1.421285        0.000000       -0.000000      141.480232
node       187.909875      245.449838        1.421285        0.000000       -0.000000      -17.493969
node       312.117044      246.248641        1.421285        0.000000       -0.000000      -63.989759
node       438.041189      245.725679        1.421285        0.000000       -0.000000        5.399565
node        49.730643      132.951520        1.421285        0.000000       -0.000000        6.265146
node       150.453876      133.601665        1.421285        0.000000       -0.000000      -23.140120
node       250.254335      133.559719        1.421285        0.000000       -0.000000       21.774346
node       350.302613      133.629576        1.421285        0.000000       -0.000000      132.418419
node       449.540885      133.634398        1.421285        0.000000       -0.000000       89.853940
node        41.374774       41.855549        1.421285        0.000000       -0.000000      168.448768
node       125.051059       41.803858        1.421285        0.000000       -0.000000      -91.993805
node       208.561986       41.649077        1.421285        0.000000       -0.000000      -30.251516
node       291.855244       42.079879        1.421285        0.000000       -0.000000      107.348010
node       375.075924       41.491553        1.421285        0.000000       -0.000000       35.932833
node       458.220539       41.650691        1.421285        0.000000       -0.000000     -150.237791
