 # Grain size distribution: volume (A^3) ; No. of grains
   20837.462146345893               12
   26690.791341624972               10
   32544.120536904054                0
   38397.449732183130                0
   44250.778927462212                8
   50104.108122741294                0
   55957.437318020369                0
   61810.766513299452                0
   67664.095708578534                0
   73517.424903857609                0
   79370.754099136684                4
   85224.083294415774                2
   91077.412489694849                0
   96930.741684973924                0
   102784.07088025301                0
   108637.40007553209                0
   114490.72927081116                0
   120344.05846609025                0
   126197.38766136933                0
   132050.71685664842                1
   137904.04605192749                1
