 # grainID   ;   N.atoms   ;   Grain volume (A^3)
           1        8490   137887.80484994283     
           2        8491   137904.04605192749     
           3        5202   84486.732724311252     
           4        5382   87410.149081553856     
           5        5194   84356.803108433800     
           6        2822   45832.672000770159     
           7        2898   47067.003351605927     
           8        2889   46920.832533743793     
           9        2830   45962.601616647604     
          10        1786   29006.786744640503     
          11        1812   29429.057996242213     
          12        1818   29526.505208150302     
          13        1804   29299.128380364764     
          14        1783   28958.063138686462     
          15        1284   20853.703348330575     
          16        1297   21064.838974131431     
          17        1304   21178.527388024198     
          18        1316   21373.421811840370     
          19        1301   21129.803782070154     
          20        1287   20902.426954284620     
          21        5238   85071.415995759773     
          22        5386   87475.113889492583     
          23        5208   84584.179936219341     
          24        2823   45848.913202754840     
          25        2883   46823.385321835711     
          26        2890   46937.073735728474     
          27        2839   46108.772434509738     
          28        1782   28941.821936701781     
          29        1806   29331.610784334127     
          30        1815   29477.781602196257     
          31        1806   29331.610784334127     
          32        1780   28909.339532732418     
          33        1283   20837.462146345893     
          34        1301   21129.803782070154     
          35        1307   21227.250993978239     
          36        1314   21340.939407871010     
          37        1299   21097.321378100791     
          38        1283   20837.462146345893     
