 # Grain size distribution: volume (A^3) ; No. of grains
   93720.387410440031                1
   97135.551704327532                1
   100550.71599821503                0
   103965.88029210253                0
   107381.04458599004                0
   110796.20887987754                0
   114211.37317376504                0
   117626.53746765254                1
   121041.70176154003                0
   124456.86605542753                0
   127872.03034931503                0
   131287.19464320253                0
   134702.35893709003                1
   138117.52323097753                0
   141532.68752486503                1
   144947.85181875253                0
   148363.01611264003                0
   151778.18040652754                0
   155193.34470041504                1
   158608.50899430254                0
   162023.67328819004                1
