 # Grain size distribution: volume (A^3) ; No. of grains
   3990.5677388724098                1
   5184.4263860620395                1
   6378.2850332516691                0
   7572.1436804412988                0
   8766.0023276309294                0
   9959.8609748205581                0
   11153.719622010187                0
   12347.578269199817                0
   13541.436916389448                0
   14735.295563579077                1
   15929.154210768706                0
   17123.012857958336                1
   18316.871505147967                1
   19510.730152337594                0
   20704.588799527224                0
   21898.447446716855                0
   23092.306093906485                0
   24286.164741096116                1
   25480.023388285743                1
   26673.882035475373                0
   27867.740682665004                1
