 # Grain size distribution: volume (A^3) ; No. of grains
   2374.4560788450376                1
   3061.6447223531459                1
   3748.8333658612537                0
   4436.0220093693624                0
   5123.2106528774702                0
   5810.3992963855781                0
   6497.5879398936868                0
   7184.7765834017946                0
   7871.9652269099024                0
   8559.1538704180111                1
   9246.3425139261199                0
   9933.5311574342268                1
   10620.719800942335                1
   11307.908444450444                0
   11995.097087958551                0
   12682.285731466660                0
   13369.474374974769                0
   14056.663018482875                1
   14743.851661990984                1
   15431.040305499093                0
   16118.228949007200                1
