 # grainID   ;   N.atoms   ;   Grain volume (A^3)
           1       58161   944604.54897019826     
           2       29845   484718.67340684595     
           3       27600   448257.17493814533     
           4       25213   409489.42578679195     
           5       46218   750635.87359750725     
           6       65742   1067729.1012602735     
           7       57048   926528.09115475777     
           8       30993   503363.57329195429     
           9       11848   192425.76118359226     
          10       62357   1012752.6325223887     
          11       50109   813830.39054259146     
          12       27451   445837.23584155896     
