 # Grain size distribution: volume (A^3) ; No. of grains
   192425.76118359226                0
   236190.92818742633                0
   279956.09519126039                0
   323721.26219509443                0
   367486.42919892853                1
   411251.59620276256                2
   455016.76320659660                1
   498781.93021043070                1
   542547.09721426480                0
   586312.26421809883                0
   630077.43122193287                0
   673842.59822576691                0
   717607.76522960095                1
   761372.93223343499                0
   805138.09923726914                1
   848903.26624110318                0
   892668.43324493722                1
   936433.60024877125                1
   980198.76725260529                1
   1023963.9342564394                0
   1067729.1012602735                1
