 # grainID   ;   N.atoms   ;   Grain volume (A^3)
           1       34112   554019.88230036281     
           2       25540   414800.29883768957     
           3       55452   900607.13277789985     
           4       25801   419039.25255721336     
           5       21605   350891.16900502285     
           6       68075   1105619.8255041393     
           7       59649   968771.45753208082     
           8       37933   616077.51510611118     
           9       32138   521959.74957109115     
          10       53118   862700.16733204364     
          11       49474   803517.22727861605     
          12       29671   481892.70426049677     
