 # Grain size distribution: volume (A^3) ; No. of grains
   350891.16900502285                0
   388627.60182997870                2
   426364.03465493448                0
   464100.46747989033                1
   501836.90030484612                1
   539573.33312980202                1
   577309.76595475781                0
   615046.19877971360                1
   652782.63160466938                0
   690519.06442962529                0
   728255.49725458107                0
   765991.93007953686                1
   803728.36290449277                0
   841464.79572944855                1
   879201.22855440434                1
   916937.66137936024                0
   954674.09420431603                1
   992410.52702927182                0
   1030146.9598542277                0
   1067883.3926791835                1
   1105619.8255041393                0
