box 200 200 200
node 186.39527175668482 38.32146244850507 50.164742055299506 0.0 -25.799767799482463 30
node 179.76376432959563 113.16062128569814 26.60665388914094 0.0 7.492475946771275 30
node 74.8553273491272 182.51654120054312 5.924355081897259 0.0 25.574622168777292 30
node 160.0697632840407 74.53347597425373 42.086493283514855 0.0 41.26263097467687 30
node 173.710609357781 107.9202083279621 53.20547131652988 0.0 9.998578571618577 30
node 134.79451243695286 47.88172889169906 177.4913040641891 0.0 -25.153970334010108 30
node 50.02872821495199 53.403608923433765 87.42231104895528 0.0 6.944042123435138 30
node 19.303582994081193 186.66357026366614 7.746736758056594 0.0 -37.089227316022765 30
node 37.8148306291042 123.9232184287184 178.18083602835466 0.0 -36.98773132963751 30
node 171.557090982053 141.17780075334815 54.20800682324709 0.0 23.965010666312956 30
node 49.66015508728165 105.60063746638 165.63728060392378 0.0 19.099470266486392 30
node 43.73931894808416 38.210800435202216 49.80139500875864 0.0 11.353115466636227 30
