# Random positions and rotations of grains generated by Atomsk
# This parameter file can be used to generate the same polycrystal
box       500.000000     1769.877345        4.046000
node       125.031176      884.511406        2.023000        0.000000       -0.000000       52.309753
node       374.187637      886.135092        2.023000        0.000000       -0.000000     -119.776967
node        82.607949     1092.891053        2.023000        0.000000       -0.000000     -104.265422
node       250.301289     1093.361630        2.023000        0.000000       -0.000000     -178.084980
node       416.395173     1093.218927        2.023000        0.000000       -0.000000      -21.956687
node        62.157083     1239.545908        2.023000        0.000000       -0.000000      -42.443644
node       187.055274     1238.647460        2.023000        0.000000       -0.000000     -143.941147
node       311.973925     1238.837341        2.023000        0.000000       -0.000000       68.563902
node       437.788045     1238.996657        2.023000        0.000000       -0.000000       85.777342
node        49.806927     1352.083026        2.023000        0.000000       -0.000000      165.185130
node       150.023214     1351.486425        2.023000        0.000000       -0.000000     -174.331111
node       249.730080     1351.481678        2.023000        0.000000       -0.000000        9.940481
node       349.777895     1351.163869        2.023000        0.000000       -0.000000       60.202051
node       450.405444     1351.415193        2.023000        0.000000       -0.000000       88.933712
node        41.997986     1443.094114        2.023000        0.000000       -0.000000       31.193149
node       125.166801     1443.520381        2.023000        0.000000       -0.000000      133.022436
node       207.926756     1443.027943        2.023000        0.000000       -0.000000      -99.486220
node       291.711730     1443.332705        2.023000        0.000000       -0.000000     -163.939288
node       375.156113     1443.148354        2.023000        0.000000       -0.000000      121.669019
node       458.516336     1443.421313        2.023000        0.000000       -0.000000       31.845251
node        36.039820     1520.624601        2.023000        0.000000       -0.000000      122.325370
node       106.829655     1520.425343        2.023000        0.000000       -0.000000      169.183835
node       178.770921     1520.398554        2.023000        0.000000       -0.000000      124.749836
node       250.192442     1520.475644        2.023000        0.000000       -0.000000       31.225110
node       321.679057     1520.590953        2.023000        0.000000       -0.000000      -22.674336
node       392.536169     1520.789497        2.023000        0.000000       -0.000000      -48.979861
node       464.625345     1520.366021        2.023000        0.000000       -0.000000      -24.980263
node        31.109178     1587.709283        2.023000        0.000000       -0.000000       18.749193
node        93.774002     1587.592342        2.023000        0.000000       -0.000000      -86.759719
node       156.262566     1587.454684        2.023000        0.000000       -0.000000     -128.621763
node       218.676481     1587.861413        2.023000        0.000000       -0.000000     -118.616781
node       281.557098     1587.814146        2.023000        0.000000       -0.000000     -160.112637
node       343.831368     1587.608865        2.023000        0.000000       -0.000000      160.770861
node       406.448903     1587.912879        2.023000        0.000000       -0.000000      -98.947447
node       468.725332     1587.566914        2.023000        0.000000       -0.000000      120.786644
node        27.992461     1646.871862        2.023000        0.000000       -0.000000     -174.971055
node        83.484400     1646.667927        2.023000        0.000000       -0.000000     -136.818525
node       138.696725     1646.519876        2.023000        0.000000       -0.000000       54.328606
node       194.212667     1646.602115        2.023000        0.000000       -0.000000      124.158678
node       250.089851     1646.371894        2.023000        0.000000       -0.000000     -121.158498
node       305.375756     1646.645616        2.023000        0.000000       -0.000000       49.069765
node       360.903893     1646.484407        2.023000        0.000000       -0.000000      151.107796
node       416.823214     1646.397790        2.023000        0.000000       -0.000000      -37.898298
node       472.027760     1646.374973        2.023000        0.000000       -0.000000     -111.674390
node        25.182969     1699.370052        2.023000        0.000000       -0.000000      116.978841
node        75.093681     1699.528352        2.023000        0.000000       -0.000000      166.671492
node       124.920520     1699.387146        2.023000        0.000000       -0.000000     -105.748101
node       175.237576     1699.454381        2.023000        0.000000       -0.000000       74.310821
node       225.145375     1699.405886        2.023000        0.000000       -0.000000      104.645532
node       275.169169     1699.351134        2.023000        0.000000       -0.000000      -41.743297
node       324.763953     1699.314650        2.023000        0.000000       -0.000000        2.229884
node       374.770604     1699.381436        2.023000        0.000000       -0.000000       19.340336
node       425.073213     1699.458413        2.023000        0.000000       -0.000000      160.097574
node       474.786949     1699.399444        2.023000        0.000000       -0.000000        7.533452
node        22.586331     1747.214482        2.023000        0.000000       -0.000000      -28.577625
node        68.303352     1747.220092        2.023000        0.000000       -0.000000     -173.699321
node       113.482804     1747.035011        2.023000        0.000000       -0.000000     -138.604003
node       159.096855     1747.288698        2.023000        0.000000       -0.000000      149.487233
node       204.421600     1747.369616        2.023000        0.000000       -0.000000     -126.099156
node       249.952121     1747.155836        2.023000        0.000000       -0.000000     -100.667456
node       295.280177     1746.944170        2.023000        0.000000       -0.000000      151.548178
node       340.927821     1747.326900        2.023000        0.000000       -0.000000       81.621271
node       386.416950     1747.076583        2.023000        0.000000       -0.000000     -172.472703
node       431.658474     1746.956279        2.023000        0.000000       -0.000000     -135.734477
node       477.132596     1747.272125        2.023000        0.000000       -0.000000      106.959959
node        84.053095      676.994575        2.023000        0.000000       -0.000000      -80.916677
node       250.397830      677.254476        2.023000        0.000000       -0.000000      124.508346
node       416.059677      677.018317        2.023000        0.000000       -0.000000      -48.698885
node        62.749419      530.266542        2.023000        0.000000       -0.000000        1.922546
node       187.283797      530.394867        2.023000        0.000000       -0.000000       97.036344
node       312.925892      530.937215        2.023000        0.000000       -0.000000     -124.590331
node       437.986782      530.301239        2.023000        0.000000       -0.000000       -8.808003
node        49.967494      418.433843        2.023000        0.000000       -0.000000      -69.100704
node       149.576358      418.732058        2.023000        0.000000       -0.000000     -159.817192
node       249.681101      417.772488        2.023000        0.000000       -0.000000       28.881204
node       350.171261      418.074456        2.023000        0.000000       -0.000000      143.965163
node       449.902433      418.612729        2.023000        0.000000       -0.000000     -137.869892
node        41.922840      326.424502        2.023000        0.000000       -0.000000       18.586681
node       124.632153      326.914192        2.023000        0.000000       -0.000000     -128.976449
node       207.981409      326.620665        2.023000        0.000000       -0.000000     -161.123522
node       291.673948      326.675274        2.023000        0.000000       -0.000000      125.926711
node       375.007019      326.849532        2.023000        0.000000       -0.000000     -129.578310
node       458.478248      326.408443        2.023000        0.000000       -0.000000      -62.114866
node        35.478735      249.423235        2.023000        0.000000       -0.000000       48.731946
node       107.022658      249.046991        2.023000        0.000000       -0.000000       49.367555
node       178.762580      249.038204        2.023000        0.000000       -0.000000       32.102286
node       250.274723      248.905320        2.023000        0.000000       -0.000000     -158.919236
node       321.249565      248.949656        2.023000        0.000000       -0.000000        5.751091
node       392.990774      248.990230        2.023000        0.000000       -0.000000      -67.843940
node       464.481964      249.487521        2.023000        0.000000       -0.000000     -149.614688
node        31.281412      182.518690        2.023000        0.000000       -0.000000        9.603366
node        93.780679      181.992559        2.023000        0.000000       -0.000000      -61.679041
node       156.294793      182.057630        2.023000        0.000000       -0.000000      147.709334
node       218.918596      182.361656        2.023000        0.000000       -0.000000      -32.725920
node       281.108595      181.966339        2.023000        0.000000       -0.000000     -178.631853
node       343.957085      182.025207        2.023000        0.000000       -0.000000      129.374371
node       406.473810      182.271038        2.023000        0.000000       -0.000000      -21.130938
node       468.528255      182.215702        2.023000        0.000000       -0.000000      -32.363496
node        27.971362      123.287567        2.023000        0.000000       -0.000000      123.424665
node        83.526821      123.224384        2.023000        0.000000       -0.000000       66.946258
node       138.929534      123.029034        2.023000        0.000000       -0.000000     -133.496656
node       194.572327      123.451649        2.023000        0.000000       -0.000000      161.057276
node       250.175534      122.988530        2.023000        0.000000       -0.000000        2.250901
node       305.680690      123.001601        2.023000        0.000000       -0.000000       26.629208
node       361.225051      123.345726        2.023000        0.000000       -0.000000      153.375959
node       416.765404      123.472514        2.023000        0.000000       -0.000000      124.641599
node       472.048092      123.337378        2.023000        0.000000       -0.000000     -100.599419
node        24.983793       70.492183        2.023000        0.000000       -0.000000      -52.331898
node        74.880289       70.516759        2.023000        0.000000       -0.000000     -161.026530
node       125.230630       70.497313        2.023000        0.000000       -0.000000       31.712932
node       174.899892       70.314370        2.023000        0.000000       -0.000000      129.853180
node       225.129273       70.617661        2.023000        0.000000       -0.000000      -10.829960
node       274.940544       70.641114        2.023000        0.000000       -0.000000       -1.475527
node       324.974302       70.502243        2.023000        0.000000       -0.000000     -132.605577
node       374.804377       70.403863        2.023000        0.000000       -0.000000       23.956326
node       425.123521       70.639451        2.023000        0.000000       -0.000000     -107.974894
node       475.165787       70.648839        2.023000        0.000000       -0.000000      154.711931
node        22.716783       22.524495        2.023000        0.000000       -0.000000      -71.177121
node        68.263349       22.800323        2.023000        0.000000       -0.000000      -43.891188
node       113.833990       22.555694        2.023000        0.000000       -0.000000      -61.800244
node       159.253966       22.940362        2.023000        0.000000       -0.000000     -149.026105
node       204.510044       22.713170        2.023000        0.000000       -0.000000     -159.612569
node       250.135870       22.599752        2.023000        0.000000       -0.000000       33.284296
node       295.641633       22.897555        2.023000        0.000000       -0.000000     -106.115047
node       341.088836       22.667763        2.023000        0.000000       -0.000000      -87.680175
node       386.395969       22.859017        2.023000        0.000000       -0.000000      152.060012
node       432.016968       22.799167        2.023000        0.000000       -0.000000     -129.386095
node       477.310062       22.818177        2.023000        0.000000       -0.000000      164.544928
