 # grainID   ;   N.atoms   ;   Grain volume (A^3)
           1       11862   196415.41262590807     
           2       11858   196349.17913657206     
           3        7293   120760.20943186204     
           4        7528   124651.42693035204     
           5        7215   119468.65638981003     
           6        3936   65173.753506624016     
           7        4034   66796.473995356020     
           8        4028   66697.123761352021     
           9        3946   65339.337229964018     
          10        2474   40965.413154316011     
          11        2525   41809.890143350014     
          12        2534   41958.915494356013     
          13        2535   41975.473866690016     
          14        2492   41263.463856328010     
          15        1719   28463.842042146007     
          16        1722   28513.517159148007     
          17        1738   28778.451116492008     
          18        1743   28861.242978162009     
          19        1738   28778.451116492008     
          20        1717   28430.725297478009     
          21        1252   20731.082162168004     
          22        1264   20929.782630176007     
          23        1271   21045.691236514005     
          24        1275   21111.924725850007     
          25        1264   20929.782630176007     
          26        1268   20996.016119512005     
          27        1264   20929.782630176007     
          28         965   15978.829302310005     
          29         966   15995.387674644006     
          30         969   16045.062791646005     
          31         961   15912.595812974005     
          32         972   16094.737908648005     
          33         965   15978.829302310005     
          34         965   15978.829302310005     
          35         959   15879.479068306006     
          36         757   12534.687856838003     
          37         757   12534.687856838003     
          38         762   12617.479718508004     
          39         761   12600.921346174004     
          40         764   12650.596463176003     
          41         757   12534.687856838003     
          42         762   12617.479718508004     
          43         758   12551.246229172004     
          44         754   12485.012739836004     
          45         609   10084.048751406002     
          46         614   10166.840613076003     
          47         617   10216.515730078003     
          48         619   10249.632474746002     
          49         615   10183.398985410004     
          50         612   10133.723868408002     
          51         619   10249.632474746002     
          52         615   10183.398985410004     
          53         612   10133.723868408002     
          54         617   10216.515730078003     
          55         520   8610.3536136800030     
          56         518   8577.2368690120020     
          57         519   8593.7952413460025     
          58         525   8693.1454753500020     
          59         524   8676.5871030160033     
          60         521   8626.9119860140017     
          61         527   8726.2622200180031     
          62         524   8676.5871030160033     
          63         521   8626.9119860140017     
          64         526   8709.7038476840025     
          65         519   8593.7952413460025     
          66        7278   120511.83384685204     
          67        7522   124552.07669634804     
          68        7301   120892.67641053404     
          69        3937   65190.311878958018     
          70        4037   66846.149112358020     
          71        4058   67193.874931372018     
          72        3948   65372.453974632022     
          73        2480   41064.763388320011     
          74        2512   41594.631303008013     
          75        2534   41958.915494356013     
          76        2517   41677.423164678010     
          77        2480   41064.763388320011     
          78        1710   28314.816691140008     
          79        1733   28695.659254822007     
          80        1741   28828.126233494007     
          81        1740   28811.567861160009     
          82        1740   28811.567861160009     
          83        1721   28496.958786814008     
          84        1252   20731.082162168004     
          85        1270   21029.132864180006     
          86        1270   21029.132864180006     
          87        1270   21029.132864180006     
          88        1268   20996.016119512005     
          89        1268   20996.016119512005     
          90        1253   20747.640534502007     
          91         964   15962.270929976004     
          92         962   15929.154185308005     
          93         966   15995.387674644006     
          94         968   16028.504419312005     
          95         969   16045.062791646005     
          96         966   15995.387674644006     
          97         959   15879.479068306006     
          98         958   15862.920695972005     
          99         764   12650.596463176003     
         100         756   12518.129484504003     
         101         759   12567.804601506004     
         102         767   12700.271580178003     
         103         758   12551.246229172004     
         104         755   12501.571112170004     
         105         764   12650.596463176003     
         106         759   12567.804601506004     
         107         757   12534.687856838003     
         108         613   10150.282240742003     
         109         618   10233.074102412003     
         110         610   10100.607123740003     
         111         616   10199.957357744002     
         112         619   10249.632474746002     
         113         620   10266.190847080003     
         114         615   10183.398985410004     
         115         616   10199.957357744002     
         116         617   10216.515730078003     
         117         613   10150.282240742003     
         118         519   8593.7952413460025     
         119         523   8660.0287306820028     
         120         523   8660.0287306820028     
         121         520   8610.3536136800030     
         122         522   8643.4703583480023     
         123         527   8726.2622200180031     
         124         525   8693.1454753500020     
         125         524   8676.5871030160033     
         126         523   8660.0287306820028     
         127         522   8643.4703583480023     
         128         518   8577.2368690120020     
