 # Grain size distribution: volume (A^3) ; No. of grains
   8577.2368690120020               76
   17969.145656856803               14
   27361.054444701607               12
   36752.963232546412               10
   46144.872020391209                0
   55536.780808236013                0
   64928.689596080818                8
   74320.598383925622                0
   83712.507171770427                0
   93104.415959615231                0
   102496.32474746002                0
   111888.23353530483                4
   121280.14232314963                2
   130672.05111099443                0
   140063.95989883924                0
   149455.86868668403                0
   158847.77747452885                0
   168239.68626237364                0
   177631.59505021846                0
   187023.50383806325                1
   196415.41262590807                1
