 # Grain size distribution: volume (A^3) ; No. of grains
   6126.5977635800018                0
   6471.8398267439015                0
   6817.0818899078022                0
   7162.3239530717019                1
   7507.5660162356025                0
   7852.8080793995023                1
   8198.0501425634029                0
   8543.2922057273026                0
   8888.5342688912024                0
   9233.7763320551021                0
   9579.0183952190037                0
   9924.2604583829034                0
   10269.502521546803                0
   10614.744584710703                1
   10959.986647874604                0
   11305.228711038504                0
   11650.470774202404                2
   11995.712837366304                1
   12340.954900530203                0
   12686.196963694105                1
   13031.439026858005                0
